553
857
598
591
140
744
58
937
827
815
833
186
516
272
956
954
200
352
196
700
379
104
452
259
45
523
840
528
695
720
31
918
133
112
929
627
749
367
237
98
997
331
330
558
450
859
976
471
355
417
223
282
87
242
43
503
693
424
180
527
692
375
463
444
718
467
258
51
640
467
577
84
497
151
662
948
2
495
973
272
630
694
185
816
625
469
418
402
559
842
50
890
374
711
637
423
742
959
22
320
69
716
434
406
618
96
790
206
879
264
553
671
765
238
139
522
320
483
163
761
673
874
821
993
278
289
373
677
398
911
290
732
451
644
442
667
206
38
11
395
590
726
454
208
362
973
605
573
287
78
710
209
484
762
579
223
584
387
657
215
509
647
612
723
765
598
818
70
269
334
403
193
731
50
71
106
716
518
544
267
418
919
838
961
9
403
555
789
154
11
623
839
923
132
557
462
121
494
614
214
254
523
754
757
706
247
307
307
711
524
252
381
299
596
154
496
271
802
218
351
453
582
956
606
832
713
90
296
994
688
792
800
401
27
727
230
553
963
959
46
450
403
864
20
538
267
194
532
603
538
209
737
395
44
120
566
416
253
957
857
328
133
157
88
483
345
189
75
855
281
43
352
431
914
304
404
323
87
957
385
343
252
145
828
873
515
369
432
351
950
848
99
179
59
913
226
291
27
745
613
656
259
50
974
363
492
134
810
672
114
13
24
439
147
453
186
959
911
962
301
23
5
756
882
471
149
808
728
732
82
387
975
230
699
227
920
56
878
29
698
911
27
236
988
322
659
405
957
78
409
367
124
398
334
496
187
155
82
529
266
372
474
339
334
934
36
255
592
142
869
247
248
371
15
785
1000
475
623
108
88
90
783
78
739
610
284
230
145
428
790
630
583
98
834
765
541
135
962
763
661
232
789
794
615
479
786
783
802
164
703
413
933
924
379
49
171
744
200
996
658
966
282
187
127
405
464
68
312
284
316
865
648
621
442
585
576
656
950
509
795
881
25
711
767
474
587
74
155
423
897
650
657
531
867
838
663
254
632
270
974
770
9
343
133
765
75
373
994
490
549
57
729
411
564
698
193
479
127
45
621
306
429
984
232
847
53
879
276
370
326
453
546
556
983
804
133
658
898
630
772
89
410
452
598
727
681
895
552
580
965
689
800
1
466
42
406
995
405
371
917
756
583
689
136
302
258
763
793
777
691
53
569
104
56
975
710
563
79
446
241
846
807
124
319
888
775
301
687
701
605
167
913
568
96
836
998
280
882
219
739
399
287
972
859
601
88
67
279
937
172
977
46
294
219
110
936
626
833
46
26
361
410
448
612
901
987
925
154
674
93
357
104
870
458
256
588
741
228
155
895
987
62
746
753
905
853
504
950
570
675
656
380
336
447
211
865
833
993
96
52
167
428
286
741
968
368
264
17
933
795
946
162
29
468
148
39
585
774
136
700
796
980
978
512
878
812
768
465
289
728
345
891
377
355
367
460
842
822
351
56
476
791
418
615
542
834
203
971
806
796
338
87
47
63
242
117
541
501
247
957
326
48
950
388
722
508
337
949
671
968
407
997
77
314
6
980
611
125
968
782
513
221
569
224
766
461
365
542
911
964
569
747
164
296
486
388
868
238
816
481
608
649
294
138
999
587
801
413
966
527
723
12
104
149
354
828
764
826
666
757
991
562
505
865
197
934
686
668
115
390
39
300
16
161
991
280
795
677
980
606
673
212
348
334
226
387
296
869
751
213
157
630
918
195
905
334
947
669
832
434
521
285
292
543
654
601
280
404
870
905
54
545
942
666
326
207
543
281
906
100
480
831
192
68
999
944
610
536
971
415
58
614
496
889
144
383
853
203
959
315
34
349
209
547
218
445
868
392
514
725
655
557
435
172
336
907
54
663
334
726
44
230
604
190
426
519
781
155
487
710
37
865
699
48
154
755
950
90
668
683
655
237
857
393
549
856
900
631
399
26
618
330
359
814
643
667
923
399
421
229
99
394
929
905
757
775
559
561
992
366
597
183
757
135
217
737
709
151
744
710
36
500
471
912
990
542
52
157
867
888
965
738
54
605
54
397
773
373
297
62
378
146
80
425
848
258
51
462
155
426
995
684
324
770
372
99
570
737
152
656
963
619
464
696
203
52
85
498
754
737
517
15
311
628
616
955
926
756
192
224
124
77
634
791
460
947
253
667
650
896
865
544
135
922
585
184
265
1000
615
586
743
484
977
787
768
78
375
941
31
140
724
842
750
710
155
499
924
828
339
808
448
927
934
110
549
625
929
910
102
703
688
180
77
592
390
833
480
843
480
933
105
853
65
814
588
670
269
668
257
318
349
649
782
923
171
428
200
99
69
732
589
521
232
52
43
370
421
188
415
265
314
992
131
43
320
490
359
432
786
253
140
201
666
106
228
450
325
352
602
14
691
812
926
212
623
993
575
448
764
602
768
624
241
550
754
331
734
538
836
968
371
115
864
36
248
324
877
213
997
457
593
384
611
970
741
27
533
984
338
70
281
594
730
389
736
852
608
506
264
417
521
294
742
693
578
364
905
831
917
461
601
623
924
570
376
632
199
638
816
427
970
767
699
203
936
54
121
415
889
730
910
618
960
432
774
676
461
941
984
20
319
710
590
169
25
75
321
185
966
250
512
165
699
108
655
891
352
351
717
481
801
537
699
768
400
783
254
101
562
174
763
547
18
143
694
345
409
965
787
599
960
487
657
313
907
779
654
735
199
838
525
68
637
226
181
419
781
516
575
449
154
819
730
206
972
206
315
994
158
211
983
279
385
122
132
896
22
747
959
814
726
516
412
749
718
929
965
805
1
142
891
233
317
855
712
985
954
31
791
938
315
990
457
174
300
625
861
563
665
728
75
681
308
194
524
1
183
261
322
224
873
680
409
314
889
16
644
57
338
720
588
308
735
218
404
162
759
465
874
991
380
553
406
560
280
408
555
427
854
309
400
425
799
682
558
16
416
833
591
71
230
858
195
793
960
330
35
416
575
344
434
109
912
5
943
297
527
911
611
267
229
671
648
271
359
24
852
480
783
652
981
684
875
709
29
262
226
836
123
114
10
803
528
250
557
67
595
76
24
592
244
899
925
745
741
292
589
22
52
858
761
916
353
704
792
583
702
819
465
5
428
662
562
99
582
456
688
451
511
293
192
63
415
665
436
79
530
994
402
848
838
921
590
519
76
2
696
496
28
656
80
404
337
688
202
240
781
53
806
46
471
100
973
249
200
723
861
299
826
236
712
930
702
361
890
216
159
455
913
548
584
534
130
439
165
162
457
360
581
968
447
488
197
413
343
940
311
500
328
232
599
333
725
227
573
794
713
642
536
74
536
897
699
107
199
147
970
488
96
408
64
264
70
984
350
262
179
810
732
841
873
664
557
550
719
101
152
832
808
549
641
188
142
314
799
380
102
454
304
425
433
781
322
871
734
182
765
761
916
438
120
736
422
991
496
776
469
7
94
339
263
738
989
937
122
902
606
174
572
861
496
754
576
410
378
815
646
953
518
825
536
134
545
545
682
853
904
280
661
36
188
416
38
892
590
573
196
345
22
76
355
463
254
876
615
719
609
498
785
999
887
586
39
514
674
786
179
734
424
965
998
987
711
970
965
568
484
457
868
804
408
489
570
892
702
278
43
863
526
359
875
724
202
927
961
682
967
24
488
722
470
287
963
785
72
335
224
398
41
526
671
336
48
130
2
974
631
364
698
251
661
535
4
417
880
759
59
743
529
55
732
6
959
317
680
779
829
337
460
733
537
277
142
643
799
351
570
564
915
315
284
409
197
492
769
369
246
506
235
290
787
700
7
592
359
738
755
885
664
986
137
736
13
397
162
158
256
35
890
617
827
359
819
448
97
411
456
446
486
870
433
478
716
107
215
952
605
280
733
205
401
552
271
124
388
777
174
898
261
506
951
766
630
390
723
945
503
192
100
75
838
783
371
890
974
39
801
653
686
686
757
521
730
679
951
532
168
744
371
627
835
809
229
379
785
319
879
880
780
521
195
152
710
609
484
62
90
889
415
154
416
180
505
526
842
546
577
567
643
650
972
32
199
56
765
231
746
620
819
965
558
269
241
960
526
395
98
932
472
881
992
954
511
590
135
706
454
826
817
18
880
392
340
238
793
89
683
477
565
419
455
980
652
400
94
774
573
468
767
370
426
442
332
461
373
394
183
900
645
33
676
703
674
713
769
464
787
735
785
495
459
804
755
626
436
391
543
23
222
72
309
99
500
205
270
85
921
19
792
156
839
12
697
740
160
975
133
631
514
421
806
527
573
434
905
478
917
404
120
760
180
163
355
618
97
267
833
166
29
271
980
581
406
294
183
88
647
609
962
468
857
332
381
182
208
553
723
43
938
237
975
391
581
290
245
998
948
920
391
683
905
235
480
916
798
889
761
132
138
914
113
759
803
843
659
729
707
135
777
727
752
680
353
69
75
738
850
326
730
747
512
989
595
989
801
568
569
894
76
721
197
60
211
445
172
208
85
266
787
319
144
843
714
813
265
853
443
836
969
127
255
916
908
487
670
712
689
506
771
907
694
423
368
999
921
901
920
225
82
541
717
946
907
10
731
357
429
225
540
487
361
558
830
410
583
545
771
609
30
103
346
208
427
47
437
426
592
541
911
175
545
660
846
87
982
286
386
566
62
838
769
567
109
450
483
70
139
688
683
732
637
470
619
131
266
80
553
489
508
205
347
365
139
170
508
393
412
289
228
475
460
302
346
205
376
640
794
164
328
340
34
434
225
865
150
970
687
929
965
371
216
633
8
165
422
19
9
641
989
880
4
208
647
667
720
31
668
91
750
297
213
416
156
432
511
762
550
848
49
790
329
418
335
177
668
227
665
8
576
808
574
936
135
812
857
763
747
478
91
732
631
939
390
491
605
351
173
586
185
614
521
248
675
320
596
118
216
937
187
450
740
173
500
228
771
512
434
251
665
51
865
308
415
21
828
549
626
336
663
901
297
769
344
4
785
122
749
102
251
331
120
165
162
143
435
850
427
979
644
958
73
872
46
201
903
432
437
455
491
982
688
70
131
840
848
425
716
751
343
222
417
136
853
203
678
990
567
580
179
62
673
164
831
114
716
465
345
620
934
240
955
836
351
528
492
816
189
463
523
489
696
404
2
843
930
662
954
261
308
160
713
98
838
89
540
963
385
249
919
109
730
47
81
550
574
884
935
788
618
323
707
144
176
939
253
761
560
530
17
699
445
188
308
168
974
93
403
93
278
641
878
749
197
316
468
798
681
532
789
833
178
215
309
66
1000
48
605
653
594
266
704
226
462
453
219
576
38
496
157
436
119
855
399
755
580
562
795
557
624
972
38
392
986
720
530
185
540
606
11
501
591
410
564
105
303
510
178
763
266
607
917
812
126
117
25
248
738
853
469
41
565
889
64
229
856
737
605
293
484
500
367
72
470
632
51
852
192
349
532
246
821
859
942
949
910
474
2
615
233
144
506
108
835
346
661
44
960
866
447
247
690
866
163
566
188
812
888
417
395
124
812
461
581
683
90
390
108
636
157
663
979
472
121
872
543
769
587
943
162
414
663
877
112
535
650
507
982
846
473
755
452
586
190
554
840
868
315
330
995
581
947
418
79
853
780
331
559
305
562
346
351
347
219
316
561
330
156
564
539
841
620
277
529
792
830
516
790
641
882
701
286
589
981
309
331
988
840
354
229
884
610
302
806
665
422
706
229
554
557
926
955
966
997
636
56
885
278
382
873
786
429
246
978
345
342
616
289
78
385
592
561
269
407
563
190
554
739
631
49
113
544
854
846
721
231
557
201
959
542
676
800
626
283
356
124
609
272
905
761
366
835
272
326
945
225
829
116
472
614
924
653
465
312
557
854
806
957
876
192
820
159
929
600
945
882
9
394
660
104
7
146
474
910
919
862
406
681
544
77
909
888
702
750
517
589
785
548
655
800
879
562
437
875
199
451
271
160
363
295
699
260
423
223
516
346
714
721
348
243
761
287
337
267
843
346
944
972
342
356
994
64
740
964
514
339
791
504
421
998
722
183
937
223
842
810
478
233
612
699
845
336
564
265
341
276
928
748
605
916
927
846
691
785
11
890
110
656
975
931
686
906
533
595
516
305
558
643
502
953
878
597
983
608
460
607
860
538
399
293
224
559
479
203
141
669
649
295
474
327
212
527
41
698
393
933
261
544
158
169
600
322
819
393
101
147
981
358
880
454
194
590
243
280
215
807
74
596
663
833
848
204
17
587
178
135
628
164
472
566
371
284
760
701
578
927
676
206
534
885
641
694
353
76
117
708
927
492
183
57
280
534
70
569
505
305
403
78
708
563
754
237
658
355
687
266
408
53
922
9
440
848
917
603
549
995
886
993
73
125
416
890
766
148
549
813
995
304
490
993
295
76
901
218
802
1000
13
580
473
137
650
554
641
592
936
715
488
496
823
524
63
375
725
76
692
414
647
273
392
432
460
132
745
609
894
881
187
14
907
595
773
534
618
541
263
105
822
754
531
187
841
176
96
494
337
816
633
430
503
892
78
895
594
959
488
329
175
352
758
669
960
170
977
325
569
525
63
337
158
997
430
400
205
340
765
769
693
326
72
463
668
773
621
846
484
537
886
452
148
5
27
241
389
325
792
183
535
691
960
34
808
813
458
347
267
728
262
646
676
391
384
910
869
926
532
7
708
619
750
335
340
564
563
905
545
685
234
799
283
737
378
225
327
206
953
172
209
789
180
671
176
528
701
740
930
670
527
221
258
927
321
583
650
634
217
568
327
279
499
10
965
513
859
137
489
279
282
620
472
448
9
167
227
179
916
528
942
279
545
81
406
356
293
730
527
215
793
151
968
628
701
592
325
816
744
177
611
243
832
671
366
366
850
56
924
851
458
43
717
180
570
176
713
145
329
671
911
429
909
614
221
231
874
660
951
118
594
360
561
450
713
658
823
39
982
650
377
365
774
880
967
792
130
912
603
301
198
40
509
728
435
51
603
563
574
151
767
819
870
804
363
283
83
738
62
938
240
524
935
411
451
638
449
846
508
525
280
45
481
399
849
147
730
836
830
123
49
526
1000
55
413
133
351
354
332
19
175
210
71
155
129
932
854
675
420
406
188
277
76
455
173
145
35
650
683
219
878
646
341
962
75
667
14
153
404
235
805
652
522
302
868
985
68
856
730
72
180
956
570
34
447
627
262
505
71
831
783
118
811
710
708
674
540
735
613
72
477
3
546
663
96
879
552
420
859
720
223
629
179
683
886
563
926
38
326
954
218
944
861
344
205
826
399
814
416
570
394
172
956
190
556
28
387
826
250
877
992
19
384
94
594
98
104
654
712
655
800
294
757
162
287
590
339
956
626
338
62
529
776
508
29
681
912
256
74
61
68
662
354
151
439
532
912
221
346
896
354
301
263
932
227
615
419
153
925
244
512
22
962
751
67
56
730
484
821
581
942
130
608
573
297
403
76
133
246
518
201
75
266
857
384
553
715
924
428
566
411
105
292
338
608
935
439
821
484
541
902
894
195
156
281
946
979
848
480
326
338
824
660
72
969
16
523
262
375
939
964
121
100
642
487
130
471
854
409
218
335
224
205
676
907
543
81
449
301
696
680
102
446
611
922
759
649
926
82
628
27
503
550
858
906
968
62
795
286
590
989
700
273
468
657
746
753
770
599
114
602
904
806
414
457
823
401
329
405
153
426
330
721
440
496
492
853
11
580
750
550
141
402
775
40
11
319
827
38
546
104
146
266
30
371
654
895
259
958
661
548
424
921
394
203
704
869
335
106
858
757
908
175
259
583
17
33
461
602
532
731
211
852
43
823
306
468
538
371
94
346
752
829
993
17
717
423
889
109
288
851
175
429
670
488
242
681
752
576
813
244
838
530
769
671
906
957
287
730
580
64
41
446
521
824
537
825
279
597
89
799
639
217
713
344
425
644
209
125
230
126
233
953
446
894
938
97
897
419
220
360
365
919
431
442
871
620
893
166
331
925
272
373
277
388
249
637
223
840
384
377
622
214
237
237
534
147
295
209
425
669
755
100
33
499
195
397
618
292
353
699
827
942
125
268
882
928
139
953
734
37
869
627
151
421
36
685
303
224
385
323
468
776
774
811
989
887
890
403
456
104
439
992
771
921
330
382
684
589
983
705
492
45
605
738
572
992
385
240
829
294
478
20
540
982
918
943
711
401
263
529
221
294
206
507
103
976
792
664
450
845
952
356
506
882
552
639
260
423
567
401
625
783
540
77
469
371
687
695
286
983
84
958
530
371
900
906
7
451
514
295
624
869
949
274
874
227
228
825
183
777
250
173
859
42
870
643
895
877
449
243
173
735
529
670
314
387
885
461
743
634
685
714
912
31
924
842
557
246
907
271
453
960
72
887
235
83
998
890
695
472
439
167
898
910
238
184
276
938
845
254
273
151
773
979
832
745
861
814
571
462
599
454
168
365
891
563
8
393
621
581
576
980
179
914
640
361
753
316
253
502
29
870
498
547
774
213
511
692
240
774
980
436
951
750
843
280
566
796
942
298
907
899
754
762
801
264
127
27
762
860
894
881
229
672
341
91
953
625
647
873
422
117
148
262
274
246
512
637
438
532
807
826
878
843
784
819
738
260
25
285
800
444
955
711
16
379
369
890
820
57
292
617
571
230
365
405
598
390
600
579
153
53
377
490
244
208
331
430
635
567
699
2
371
918
925
235
308
387
871
435
346
298
57
473
242
883
379
628
797
284
216
414
125
303
316
120
169
833
927
126
308
784
412
431
609
458
963
625
228
418
822
940
898
164
511
678
637
537
151
712
565
750
992
253
647
996
512
106
963
407
19
73
236
327
528
977
491
436
828
613
368
866
827
101
893
953
309
688
263
424
350
425
691
603
582
179
449
626
338
488
855
146
143
426
225
977
866
343
91
655
758
375
688
382
577
547
428
202
349
66
327
78
968
607
798
591
874
405
127
524
90
660
880
973
703
88
987
718
455
115
582
928
947
585
405
499
705
62
411
407
333
317
612
827
227
103
753
573
673
371
903
90
536
623
293
725
580
314
281
847
840
449
632
605
727
259
85
873
517
348
988
464
854
30
79
954
383
818
591
136
689
23
51
925
813
613
90
381
168
395
950
326
894
835
712
28
902
70
436
337
733
605
785
624
24
58
804
12
363
615
698
157
287
258
571
445
595
208
794
350
104
300
861
873
859
535
663
718
244
516
424
424
827
501
823
835
126
580
653
904
278
464
626
498
362
208
367
829
559
412
390
255
431
82
573
566
406
23
834
455
186
769
664
244
946
901
867
557
388
919
992
852
342
427
592
234
458
253
808
91
348
559
948
608
798
769
317
394
83
782
118
821
270
333
849
823
290
242
861
104
635
479
259
613
283
972
500
322
208
777
919
184
924
727
14
234
660
930
522
505
990
537
708
635
245
493
331
922
701
780
247
855
81
267
961
931
385
841
218
596
284
354
846
963
862
84
428
646
831
401
540
440
51
564
558
544
221
513
924
112
526
711
524
358
488
846
780
538
39
30
338
507
231
71
184
286
392
387
948
174
20
707
241
113
94
993
784
35
637
500
847
658
662
320
409
714
506
662
533
987
719
954
710
480
728
346
918
936
560
706
477
552
334
21
808
421
41
658
441
236
701
1000
671
936
492
444
179
347
169
540
474
454
394
552
496
244
550
489
183
33
891
878
522
511
480
391
880
156
368
546
157
537
325
258
361
425
366
287
191
989
382
66
883
617
740
49
864
905
824
41
467
354
669
146
29
710
254
339
393
58
352
68
28
696
780
705
202
692
490
492
553
691
455
61
479
670
813
155
621
873
923
234
89
771
376
657
313
985
23
23
990
752
358
403
680
771
469
656
386
229
620
762
316
166
509
373
773
111
714
906
119
53
761
225
532
425
331
758
752
672
191
794
768
856
496
475
784
792
50
213
115
13
640
426
869
466
742
496
329
388
514
290
243
96
823
624
659
135
771
109
135
210
114
217
618
473
827
973
727
322
87
831
481
484
473
601
208
249
752
871
632
156
694
640
774
284
373
841
900
696
536
692
944
499
821
448
682
208
993
236
831
124
649
283
52
451
868
70
840
536
263
808
944
345
326
23
904
92
827
999
71
770
859
746
307
812
473
155
409
210
946
296
449
361
513
140
853
852
426
158
541
815
409
255
844
778
214
965
340
672
987
837
196
397
853
56
978
30
540
741
40
529
416
6
316
150
277
679
540
725
783
371
78
829
395
496
309
624
17
119
268
616
982
232
378
904
291
174
426
956
230
476
300
84
420
590
630
656
982
370
119
421
961
973
440
535
795
98
154
277
440
950
289
428
573
905
506
882
309
396
27
425
376
388
117
734
896
134
579
406
542
985
632
33
167
258
963
788
329
767
493
477
348
598
204
582
361
559
167
590
934
646
491
410
471
500
503
148
447
165
288
296
655
34
61
430
302
815
381
800
497
26
956
955
799
374
184
963
695
933
658
36
209
413
290
953
145
105
983
954
85
965
665
903
527
60
883
859
495
970
236
245
805
218
682
883
637
363
169
735
999
345
171
473
332
902
53
4
105
996
866
856
157
591
453
436
156
236
870
673
129
339
464
967
188
211
44
682
727
44
255
586
972
852
683
173
908
567
807
152
697
564
719
927
445
611
22
404
138
788
950
121
923
265
135
172
557
605
482
699
16
492
341
422
490
968
660
56
227
993
941
374
54
72
201
333
111
495
622
671
216
415
163
341
934
7
50
987
124
747
355
343
469
768
768
941
776
306
990
948
542
816
731
109
431
340
665
615
912
121
232
943
66
83
320
177
340
663
637
8
578
483
18
194
482
398
937
533
285
234
955
395
87
704
238
891
265
640
360
803
822
992
538
228
626
435
272
177
20
815
961
561
893
450
37
877
335
186
816
447
829
377
466
324
793
422
755
720
758
34
837
115
271
238
181
298
316
195
564
337
703
227
652
244
543
974
836
622
444
93
865
566
268
841
866
713
78
139
584
185
212
166
668
46
944
899
967
624
495
547
284
801
759
129
27
496
389
818
1000
946
946
292
16
105
929
830
42
257
518
398
569
246
752
603
829
133
89
547
421
247
114
95
439
283
802
413
642
124
974
230
243
343
351
876
120
48
852
631
150
55
93
973
56
32
656
179
326
994
693
763
220
913
653
462
27
535
377
816
456
992
229
462
672
622
918
29
732
933
453
620
107
657
648
338
417
814
166
65
606
468
582
70
849
438
596
119
40
258
158
738
775
811
933
701
138
834
159
549
696
233
217
779
292
712
189
66
461
420
64
576
87
412
891
276
365
559
706
157
496
561
784
104
204
906
154
254
404
417
70
401
358
610
671
446
44
104
995
245
555
598
471
209
716
188
449
173
314
237
470
7
45
968
725
296
738
379
822
56
992
312
353
677
558
268
316
368
94
499
278
307
976
363
19
810
693
209
829
576
539
602
127
974
78
349
646
670
246
34
252
502
726
861
458
310
835
624
297
983
750
640
333
404
735
706
895
739
369
964
582
954
191
15
672
319
729
13
770
341
411
418
21
671
442
955
719
650
774
780
967
101
467
525
777
970
87
119
209
926
276
666
43
549
930
451
678
111
728
813
668
555
559
888
79
179
551
449
916
979
525
272
212
694
645
904
321
722
507
580
75
77
423
114
874
959
535
272
943
558
827
279
268
78
550
589
262
214
793
38
296
539
480
301
703
198
762
735
539
402
902
92
383
391
87
210
844
788
359
48
256
721
324
588
561
23
333
745
772
463
103
927
466
795
583
822
425
830
665
883
31
740
909
818
962
947
582
676
155
885
318
52
110
368
884
286
26
428
365
569
723
983
920
27
211
323
777
38
346
501
1
647
886
467
990
872
115
79
270
271
335
146
50
476
918
441
860
888
970
353
285
993
630
243
167
499
395
866
287
727
535
528
285
240
270
630
863
571
547
372
910
308
331
410
106
487
501
717
31
591
103
895
953
586
509
838
538
317
543
573
768
291
672
311
84
948
664
267
700
425
54
211
88
416
668
449
955
13
653
985
785
137
329
737
899
815
128
261
629
957
506
989
134
890
289
973
156
197
613
663
868
946
37
737
927
442
344
177
552
780
408
118
627
784
779
974
267
275
405
622
440
380
199
39
292
437
778
397
815
662
820
727
898
326
531
333
496
949
528
308
290
699
596
729
503
908
874
193
552
580
578
743
593
210
405
565
294
358
55
293
158
551
445
849
78
361
441
732
722
953
334
369
190
408
327
214
754
79
367
76
996
14
939
667
809
768
507
152
762
557
636
735
360
126
117
515
132
849
1000
586
668
581
469
213
224
536
213
832
301
618
980
514
727
282
854
717
877
782
537
702
368
258
206
425
308
32
43
858
739
333
334
86
116
985
449
309
322
645
564
579
732
213
136
234
928
329
521
771
558
731
706
741
126
632
556
117
299
988
679
715
383
922
222
354
47
586
311
97
302
458
678
458
874
267
796
137
124
445
224
52
892
955
833
264
170
95
14
202
981
709
914
157
72
694
118
851
605
53
915
643
364
555
830
679
429
998
298
370
294
504
825
114
565
735
515
170
643
983
314
267
392
976
873
287
598
103
978
407
767
318
236
97
368
817
838
766
301
703
682
799
310
941
438
36
446
213
238
523
427
705
576
5
201
955
606
778
367
570
524
807
377
491
108
497
928
562
168
625
540
130
614
499
753
108
766
813
452
496
568
60
692
624
28
591
586
736
991
939
205
101
473
971
589
620
87
363
984
198
128
573
20
967
912
61
863
596
983
160
963
933
446
335
456
955
807
68
528
699
866
414
419
6
451
621
262
536
144
439
665
925
592
238
267
54
991
844
643
169
58
752
742
88
22
530
110
26
96
548
702
445
2
182
285
558
610
509
256
591
427
804
735
554
187
611
253
778
897
54
653
891
858
458
92
138
564
734
186
469
302
38
756
350
298
697
428
395
87
786
616
51
857
894
730
525
980
26
522
980
684
461
383
820
876
910
127
895
942
391
890
955
258
219
5
19
636
29
646
396
453
697
733
371
359
97
443
549
193
312
488
593
188
714
83
936
328
999
323
745
184
634
241
836
647
417
287
117
72
161
787
148
68
777
491
777
576
933
862
526
402
77
549
262
745
521
363
904
528
219
67
547
382
32
756
855
830
626
224
4
126
525
898
30
331
740
976
982
905
334
882
58
214
748
406
468
865
647
77
658
227
933
908
899
978
988
740
541
64
428
873
182
904
423
835
678
360
282
785
229
587
772
230
506
366
167
418
497
60
585
926
827
680
797
957
442
818
510
169
690
230
478
452
676
617
304
288
685
745
346
421
484
25
287
542
598
385
603
388
38
803
692
142
662
150
75
598
613
283
930
172
623
576
838
455
832
180
206
552
513
272
52
420
966
463
891
102
595
691
40
75
255
347
342
775
911
567
445
120
743
745
897
749
964
118
26
676
230
715
651
80
19
356
989
811
489
288
37
498
983
381
434
720
84
260
381
636
578
653
280
716
417
239
466
538
210
688
50
323
291
152
643
845
880
168
317
152
435
880
437
106
569
556
818
919
824
96
849
713
799
662
537
747
383
701
377
576
873
520
895
84
789
939
932
403
564
242
73
326
99
624
637
778
319
729
542
659
410
552
84
557
61
533
536
51
107
882
990
171
541
794
964
221
58
581
227
220
439
646
383
216
137
814
137
583
994
987
355
376
618
994
137
674
750
352
733
619
617
195
498
799
476
657
627
80
42
955
764
72
64
441
130
454
590
928
158
402
799
763
958
440
433
927
201
126
594
611
6
176
97
404
510
442
747
141
997
263
201
27
105
198
119
614
421
864
568
463
579
73
984
931
769
813
433
726
457
67
46
420
771
312
474
68
587
319
799
786
493
3
71
630
182
217
294
240
211
640
301
846
776
775
539
279
222
823
241
898
278
889
953
545
323
526
438
974
342
938
311
669
544
708
65
485
798
542
597
432
908
742
879
959
791
411
54
334
702
686
898
306
902
152
397
199
192
131
236
894
703
518
369
203
219
893
406
200
802
731
592
375
534
217
964
350
335
710
992
640
367
5
723
338
901
754
552
784
314
438
480
372
416
667
491
741
342
130
804
474
864
870
47
166
487
908
522
159
204
189
820
117
915
626
162
563
487
125
158
976
863
479
799
383
256
413
970
32
309
200
752
963
422
48
97
361
210
521
776
776
273
918
281
603
718
363
995
602
962
957
256
442
895
11
873
911
686
934
292
691
209
978
610
85
886
152
668
890
134
309
440
265
291
765
333
332
969
842
245
35
923
120
301
918
885
382
30
232
893
203
884
715
62
591
365
73
149
570
451
546
741
238
987
810
325
670
737
552
796
373
98
557
837
47
228
578
388
239
783
746
466
877
604
432
789
768
517
248
307
866
953
995
666
249
368
26
887
573
488
492
384
42
405
302
458
996
957
972
141
306
727
349
312
24
714
637
287
495
216
845
273
15
983
459
735
776
814
582
105
760
304
234
560
325
191
7
835
660
548
882
603
845
718
774
874
451
553
353
699
727
93
391
916
986
546
220
880
310
399
44
435
887
917
39
155
438
239
750
372
562
883
713
825
329
297
105
757
211
442
873
994
624
247
520
406
875
345
42
237
138
489
479
353
98
187
874
203
422
594
185
538
495
811
90
175
75
682
119
137
536
53
214
387
303
938
103
944
707
184
839
508
565
763
536
492
217
891
249
35
75
233
646
837
287
39
697
314
371
446
37
272
961
618
259
686
197
533
599
379
144
719
51
744
753
274
287
307
64
55
592
600
609
347
880
600
538
251
857
273
265
323
52
406
463
75
853
404
148
382
143
300
648
518
265
254
688
468
303
152
710
970
724
332
49
75
538
950
11
751
438
320
70
42
91
516
738
912
129
728
601
20
96
851
742
956
224
8
773
287
284
403
886
115
264
165
854
517
387
598
148
964
833
166
985
143
182
620
828
865
252
282
167
16
287
463
177
851
702
416
538
396
840
52
254
768
445
34
629
64
810
719
65
595
7
69
368
678
967
471
622
181
172
825
231
95
727
891
301
317
619
666
454
83
337
858
487
912
132
389
952
681
32
206
181
188
774
18
436
302
964
983
927
12
949
233
161
669
514
727
598
998
265
869
731
781
791
961
78
842
190
137
230
720
357
288
639
755
102
138
82
314
313
494
806
602
283
44
207
203
870
786
42
910
365
878
838
603
643
23
719
868
205
107
994
670
288
1
927
770
25
882
488
873
183
560
408
801
494
351
601
208
975
544
775
589
730
737
766
171
512
667
485
481
335
778
144
774
226
499
846
851
897
298
511
496
63
743
171
220
578
231
666
361
53
746
100
340
735
555
187
285
518
172
900
402
62
79
136
346
419
735
650
925
897
446
228
753
842
162
329
589
760
191
926
323
948
179
582
480
226
150
26
984
471
186
582
607
788
614
636
7
157
616
934
766
251
743
849
23
333
767
783
674
377
127
17
453
81
730
750
141
979
416
872
829
170
926
522
475
203
508
478
423
431
789
41
473
681
335
909
901
501
974
878
700
909
795
993
695
873
332
839
184
483
194
688
603
658
319
48
501
673
882
137
397
713
140
201
479
108
322
337
17
524
188
575
672
483
74
142
627
29
794
759
953
368
170
428
879
560
717
307
849
525
147
957
34
721
154
715
642
504
556
288
883
147
125
97
71
930
469
619
527
768
513
847
552
535
274
312
282
375
180
333
309
913
348
89
362
348
980
206
96
686
82
201
682
42
711
94
996
911
535
421
699
448
469
309
901
869
3
544
513
333
944
528
335
274
550
59
741
716
463
832
672
392
333
795
587
282
275
235
842
351
701
836
805
837
404
766
471
928
154
804
288
686
992
123
632
482
622
324
404
543
494
991
338
957
465
437
985
195
888
637
325
161
639
882
207
986
649
626
539
795
901
455
97
574
455
30
210
98
33
302
766
309
798
255
670
900
832
452
565
822
167
550
76
882
563
86
681
283
870
423
71
362
96
792
230
515
875
98
797
178
477
1000
703
435
23
215
341
98
423
53
716
83
213
618
438
948
340
89
219
417
930
410
949
199
308
803
123
434
637
952
444
956
655
679
284
236
430
934
549
591
394
895
401
359
982
672
253
158
797
653
536
786
127
376
42
487
817
780
922
217
39
752
278
626
136
963
38
240
105
100
492
72
536
79
177
441
247
660
379
176
911
89
864
175
136
617
690
145
452
353
787
883
958
647
783
965
939
342
263
996
681
88
688
540
549
14
691
61
207
219
755
423
57
447
127
506
569
703
855
857
691
46
710
158
22
882
934
75
853
719
522
835
502
196
744
598
175
964
478
865
33
384
264
192
365
658
864
17
970
900
56
50
819
955
138
905
540
113
638
624
799
139
927
192
412
155
473
675
271
830
9
725
548
423
91
653
108
481
140
360
91
992
694
235
897
731
476
668
317
513
16
985
233
110
172
844
65
783
146
46
649
856
877
569
397
185
542
931
926
140
539
841
196
662
646
369
192
762
30
985
558
710
732
998
477
726
853
115
893
387
931
239
986
651
616
309
210
695
401
418
176
650
243
483
641
718
214
931
150
182
898
251
324
965
421
843
71
284
709
283
833
794
562
705
886
659
385
447
510
124
990
421
71
716
410
864
331
843
210
128
122
535
206
406
201
278
91
968
447
63
735
963
942
195
411
772
984
712
22
729
455
489
330
53
429
201
690
837
924
823
317
120
661
614
571
295
921
703
271
287
274
899
586
229
195
987
639
751
734
781
938
997
338
877
708
662
495
839
645
202
478
353
464
209
904
840
918
530
76
676
745
105
475
216
18
309
845
108
691
286
989
45
612
623
730
178
588
54
75
203
988
915
702
250
820
642
688
852
166
639
598
221
420
232
755
858
63
415
265
681
832
650
879
616
222
947
592
566
232
21
943
120
682
776
850
621
373
584
14
318
432
759
393
780
812
297
253
605
461
928
745
346
962
792
969
543
984
828
61
675
643
331
947
482
422
810
538
132
420
883
169
357
896
842
684
418
984
799
914
667
552
116
230
767
158
935
344
79
784
702
36
501
854
784
145
121
595
760
357
372
647
835
394
906
410
759
767
633
93
172
246
186
801
574
672
68
150
952
283
961
278
112
223
117
374
655
599
361
132
738
286
461
499
276
190
912
341
841
197
664
157
280
455
37
82
346
256
26
403
585
892
619
927
843
810
329
954
550
362
880
394
325
577
489
315
633
211
683
360
849
957
490
934
408
621
265
807
582
158
908
12
890
751
959
89
21
60
669
555
56
587
206
799
337
511
163
790
503
947
1000
334
718
793
171
161
835
653
741
22
602
688
645
95
842
992
326
238
530
55
244
915
850
549
85
507
808
864
266
645
80
303
610
2
565
919
671
797
23
642
132
261
778
769
977
955
905
901
744
707
808
574
626
90
416
700
898
848
290
454
114
909
485
398
531
583
951
952
683
175
433
583
636
445
67
3
767
474
948
405
585
144
292
147
678
64
94
51
70
218
39
752
487
309
920
734
920
688
178
578
140
143
973
436
530
567
370
350
177
26
717
166
583
533
72
1000
211
874
807
128
24
998
749
265
870
164
724
152
154
780
945
782
736
987
953
602
526
379
155
770
44
824
354
642
724
332
731
948
878
664
439
522
117
435
203
225
950
542
31
997
238
404
572
11
807
717
965
210
437
681
255
927
150
194
673
278
123
178
246
999
84
703
928
548
566
469
148
683
667
342
424
602
814
515
296
322
193
459
68
218
314
790
474
438
848
472
163
526
37
701
509
686
356
567
280
956
521
384
586
886
130
264
995
977
473
346
327
26
322
286
1
666
499
598
225
826
825
322
129
160
10
285
162
367
207
414
595
934
607
279
138
631
569
900
163
792
499
639
276
710
839
890
122
792
734
323
429
493
132
507
129
565
213
910
863
759
723
895
952
230
34
443
723
980
28
179
155
258
792
923
859
951
246
481
556
851
599
20
714
99
237
953
689
573
135
405
651
478
505
505
680
495
254
154
810
919
315
134
72
299
625
894
522
306
760
561
496
178
698
276
129
155
1000
401
316
437
679
502
397
810
792
609
604
40
515
170
369
15
869
815
868
651
483
314
880
349
61
922
131
731
404
605
804
501
54
624
779
257
535
18
41
128
354
951
123
826
525
763
205
927
849
963
738
539
820
230
539
401
562
578
532
551
15
321
159
395
223
679
346
924
801
644
634
958
91
522
202
545
238
798
555
532
775
35
769
626
837
686
877
927
468
859
342
448
29
569
488
474
731
98
362
271
101
7
691
353
763
595
106
896
977
893
622
158
997
554
243
71
907
634
397
173
903
299
597
726
795
66
477
777
250
711
347
949
407
999
743
837
212
246
778
624
14
705
807
608
554
657
746
460
239
865
883
426
983
949
700
314
819
430
17
9
428
191
939
758
259
558
257
435
22
196
474
978
825
968
204
347
940
566
428
322
787
970
98
807
793
366
279
760
968
735
861
676
655
117
53
648
285
160
655
808
98
835
245
308
593
17
939
232
187
113
898
558
921
457
672
265
285
181
447
796
625
730
312
874
408
159
825
206
432
57
110
985
6
217
848
178
269
581
704
89
960
709
575
640
121
8
142
582
229
988
529
498
768
172
984
736
93
989
107
978
408
854
556
972
755
223
457
788
663
112
44
348
259
551
570
15
695
187
92
885
963
954
615
482
440
552
259
526
207
271
338
503
39
779
604
654
54
79
376
974
791
413
462
480
493
108
948
373
341
73
303
565
127
895
861
401
71
649
526
516
461
948
551
301
774
263
756
262
624
486
496
994
30
379
588
476
290
473
12
204
391
785
583
901
1000
747
645
226
418
55
984
614
362
758
313
756
492
120
628
447
804
715
37
521
450
848
773
483
995
172
753
385
153
421
10
137
340
721
231
440
448
719
788
161
198
824
514
104
647
576
718
566
949
173
68
717
770
392
42
614
596
61
357
574
856
337
831
711
81
697
820
181
318
562
279
953
186
814
896
448
692
989
294
872
957
241
583
518
594
937
738
7
540
411
855
540
312
692
901
417
145
837
83
864
263
948
552
696
501
724
1
6
665
667
60
804
175
32
829
713
346
837
43
66
80
806
135
746
867
117
306
546
283
345
802
722
438
359
963
573
195
20
382
563
42
485
850
556
5
3
195
729
455
855
406
333
198
119
569
907
623
187
889
761
195
366
949
620
478
282
196
882
525
834
817
29
965
64
928
206
665
65
907
664
978
34
886
319
411
843
734
412
142
853
1000
95
799
263
302
313
217
869
319
155
338
845
11
811
998
437
958
232
61
620
781
397
192
15
912
837
500
42
730
75
254
477
597
357
635
32
511
619
284
82
87
34
726
993
508
444
10
112
986
389
652
142
336
596
142
970
430
278
939
846
843
543
869
554
727
347
938
111
603
116
998
170
972
166
733
306
360
367
492
800
978
239
466
470
225
820
129
916
933
119
656
531
630
414
4
826
718
16
642
603
513
338
251
710
304
651
45
336
691
145
832
366
41
825
545
454
401
810
89
790
127
99
131
90
165
383
268
987
510
947
647
367
958
15
275
496
838
296
255
171
997
488
989
419
634
138
537
705
8
45
501
389
309
915
906
266
849
737
4
139
764
995
163
827
841
601
615
835
457
600
875
398
547
785
362
188
861
754
817
866
663
299
309
907
199
642
888
592
70
149
203
572
432
513
732
428
164
682
143
612
304
414
903
232
457
783
841
854
122
821
686
448
1000
933
83
350
625
584
67
696
135
140
252
132
10
115
752
180
812
30
46
621
188
899
75
22
113
196
332
994
369
278
219
752
730
416
488
466
473
97
101
336
72
78
989
396
873
774
71
599
901
449
520
503
993
990
220
423
90
40
317
785
693
365
183
345
492
496
38
473
347
181
329
388
337
888
768
766
530
542
265
554
425
160
547
717
228
759
963
588
821
231
458
375
383
877
59
883
633
181
740
498
927
165
955
672
419
408
244
974
450
926
22
820
677
315
82
436
439
537
129
92
768
916
653
786
819
619
893
275
281
49
3
450
193
400
937
404
331
191
845
766
207
80
923
119
774
393
666
495
789
582
904
126
816
800
364
594
749
461
786
721
408
558
649
600
603
227
978
114
503
55
702
419
262
453
915
331
892
249
443
744
633
761
213
107
518
551
350
71
913
824
121
100
729
412
420
645
108
660
910
809
430
955
372
910
536
292
305
590
413
538
282
56
110
977
53
589
401
567
887
71
782
386
161
88
532
463
480
785
866
839
611
219
766
745
859
954
800
983
428
224
9
476
72
423
240
822
68
737
227
404
321
155
926
865
176
384
526
865
990
393
917
302
652
419
565
841
538
790
662
883
334
634
404
641
57
995
695
536
430
138
782
895
443
88
187
288
466
688
762
512
811
924
955
670
941
708
751
502
851
784
595
480
735
144
788
665
772
559
739
3
204
460
444
15
699
677
573
443
821
856
241
629
435
177
357
897
106
864
531
445
796
956
569
591
325
448
781
373
187
987
833
485
625
307
586
696
476
318
967
645
408
331
246
159
884
52
935
459
726
476
926
489
705
664
105
87
986
874
941
356
976
976
239
458
77
469
956
510
479
48
868
131
31
613
697
647
803
418
295
717
182
983
320
453
580
717
687
224
823
438
737
812
20
499
377
28
480
939
859
701
320
252
827
216
830
30
447
746
432
826
778
915
352
714
327
744
365
752
418
174
89
510
501
530
898
318
188
624
416
305
791
704
215
618
300
941
663
350
154
246
176
412
403
748
160
701
142
529
769
586
497
468
183
455
774
401
205
964
413
54
270
436
936
565
87
840
564
180
441
199
103
458
24
184
237
45
136
199
104
439
813
589
158
898
586
946
484
908
449
728
813
799
142
65
963
593
133
39
926
884
893
670
108
596
828
10
178
911
987
347
239
899
436
704
245
275
55
224
153
827
310
913
107
104
930
104
209
178
144
324
223
465
741
195
196
640
617
188
368
210
381
634
646
104
260
499
690
962
420
791
120
328
168
219
753
321
61
501
75
498
784
684
170
789
987
323
175
581
876
4
998
220
688
670
528
222
388
607
331
687
503
980
396
710
774
531
665
331
197
72
802
857
212
200
889
312
607
723
621
656
494
354
118
789
115
980
215
230
350
201
906
560
498
928
770
665
839
8
899
134
54
616
712
322
971
152
468
561
700
135
477
423
22
441
911
261
667
112
779
25
824
476
455
874
728
453
979
317
507
860
144
43
397
252
528
104
393
380
172
214
161
459
177
898
341
3
157
606
381
504
640
926
566
215
918
71
236
278
663
808
707
541
832
721
348
532
621
522
355
621
605
35
566
748
625
167
793
494
796
469
60
592
387
932
997
227
492
113
490
296
835
813
210
355
617
563
246
128
874
500
692
737
948
318
860
698
952
377
347
208
854
73
535
499
572
954
4
371
552
808
158
216
149
22
955
62
621
149
974
700
374
603
618
719
143
659
64
78
20
631
616
256
699
733
309
948
68
155
606
800
23
15
858
988
468
242
400
792
678
928
534
758
373
309
952
618
377
678
689
314
644
78
412
623
552
26
582
314
625
977
623
94
613
177
681
930
540
139
289
789
560
41
220
213
173
639
934
946
71
889
669
399
411
503
161
914
561
23
9
850
165
807
473
909
887
461
448
749
365
833
77
297
993
396
831
963
734
41
805
110
243
524
933
785
555
576
459
436
343
811
867
752
596
772
922
628
974
901
739
208
550
260
942
709
663
583
294
906
835
573
819
241
792
440
424
815
99
418
275
445
740
462
497
613
235
947
617
948
898
140
110
977
935
2
465
121
803
746
862
179
652
233
624
545
818
979
213
524
846
348
580
357
287
39
706
400
523
581
778
478
114
421
796
378
604
151
286
820
683
669
440
376
118
724
994
7
482
93
670
260
843
543
212
43
914
69
425
570
610
60
470
857
687
150
404
21
338
66
740
989
819
478
604
341
775
621
416
414
153
599
603
111
312
717
802
198
430
655
197
881
4
407
308
512
246
496
35
662
738
997
40
419
255
585
329
889
388
898
998
409
484
984
445
862
931
402
440
473
158
446
462
136
735
512
533
507
240
234
16
864
541
835
156
295
369
120
882
42
203
712
438
700
776
957
226
354
868
224
127
316
639
415
952
349
367
324
468
986
150
992
556
484
886
494
310
925
483
47
477
198
803
839
272
425
533
203
865
696
218
634
952
946
159
253
935
124
320
997
260
325
210
281
102
482
153
651
94
112
979
537
996
176
893
303
696
543
776
586
701
555
993
576
323
112
111
415
703
51
781
983
767
590
436
86
95
685
956
329
789
183
299
105
528
519
482
325
800
387
205
860
20
655
146
436
427
556
909
121
184
599
315
843
516
967
742
803
178
82
302
186
283
892
292
334
265
473
712
361
703
949
406
403
764
67
926
676
687
25
750
812
418
9
295
709
151
549
129
281
628
974
622
718
784
353
839
812
742
677
387
193
381
96
908
332
708
767
291
561
948
696
417
246
241
349
791
383
791
272
836
349
6
126
454
226
268
83
604
26
115
245
809
941
720
386
511
332
622
521
725
777
208
850
543
634
113
899
700
690
900
950
